Метод гаусса
a = -25.553170812416006
b = 6.620358144869339
c = -37.52336024167308
d = 33.03205596246632
e = -2.034298428940175
Метод Зейделя
a = -26.3531659962899
b = 6.538570271090351
c = -37.77559910250472
d = 33.11037528286203
e = -2.034298428940175
